[url]: http://www1.szu.edu.cn/board/view.asp?id=481784
计算机与软件学院2022年本科“拔尖创新人才”奖学金拟获奖名单公示
计算机与软件学院　2022/10/18 19:04:00
  根据《深圳大学2022年本科拔尖创新人才奖学金评选工作的通知》及相关要求，经学院奖学金评审小组核定，现将我院2022年本科“拔尖创新人才”奖学金拟获奖名单公示如下，具体名单详见附件，最终以学校公布获奖名单为准。
  专业
学号
学年绩点
学业得分
学校/学院贡献分
特殊学术特长
（一）得分
特殊学术特长
（二）得分
学术讲座扣分
总分
拟获等级
计算机科学与技术（卓越班）
2021152017
4.1619
81.992
3
0
6
0
90.992
一等奖
计算机科学与技术（卓越班）
2021270184
4.4063
85
0
0
0
0
85
一等奖
计算机科学与技术（卓越班）
2021152013
4.2217
82.728
0
0
0
0
82.728
一等奖
计算机科学与技术（卓越班）
2021152011
3.8909
77.818
3
0
0
0
80.818
一等奖
计算机科学与技术（卓越班）
2021152027
4.0095
80.1169
0
0
0
0
80.1169
一等奖
计算机科学与技术（卓越班）
2021152006
4.0094
80.116
0
0
0
0
80.116
一等奖
计算机科学与技术（卓越班）
2021150059
3.8941
77.882
1
0
0
0
78.882
一等奖
计算机科学与技术（卓越班）
2021152007
3.9434
78.868
0
0
0
0
78.868
二等奖
计算机科学与技术（卓越班）
2021152030
3.6293
72.586
0
0
6
0
78.586
二等奖
计算机科学与技术（卓越班）
2021152028
3.8915
77.83
0
0
0
0
77.83
二等奖
计算机科学与技术（卓越班）
2021152014
3.7238
74.476
1
0
0
0
75.476
二等奖
计算机科学与技术（卓越班）
2021152023
3.6759
73.518
1
0
0
0
74.518
二等奖
计算机科学与技术（卓越班）
2021152015
3.6745
73.49
1
0
0
0
74.49
二等奖
计算机科学与技术（卓越班）
2021152009
3.5708
71.416
2
0
0
0
73.416
二等奖
计算机科学与技术（卓越班）
2021152016
3.6651
73.302
0
0
0
0
73.302
二等奖
计算机科学与技术（卓越班）
2021152001
3.6085
72.17
0
0
0
0
72.17
二等奖
计算机科学与技术（卓越班）
2021152012
3.5613
71.226
0
0
0
0
71.226
二等奖
计算机科学与技术（卓越班）
2021152022
3.5425
70.85
0
0
0
0
70.85
二等奖
计算机科学与技术（卓越班）
2021040533
3.5378
70.756
0
0
0
0
70.756
二等奖
计算机科学与技术（卓越班）
2021152026
3.5318
70.636
0
0
0
0
70.636
二等奖
计算机科学与技术（卓越班）
2021152018
3.5182
70.364
0
0
0
0
70.364
三等奖
计算机科学与技术（卓越班）
2021152021
3.4717
69.434
0
0
0
0
69.434
三等奖
计算机科学与技术（卓越班）
2021152024
3.4057
68.114
0
0
0
0
68.114
三等奖
 公示时间即日起至10月19日17:00分止，如有异议请于公示期内携带相关材料，以书面形式向学院反映，并签署真实姓名，否则不予受理。
联系人：曾老师，26534654，致腾楼824。
                                                                               　 计算机与软件学院
                                                                              　 2022年10月17日
（本文更新于2022/10/18 19:04:00）